780
284
274
795
890
224
283
70
908
24
399
41
357
719
112
218
971
658
861
131
694
223
956
963
271
833
676
696
490
313
331
708
319
640
410
92
860
867
975
590
496
353
656
266
597
178
249
328
650
366
996
653
468
135
114
419
81
533
407
558
22
746
706
219
417
2
755
527
953
241
158
680
325
950
788
776
602
771
786
922
336
900
12
309
931
250
175
665
203
388
293
267
862
954
847
288
398
827
31
406
824
100
408
784
28
111
915
221
258
444
757
136
576
392
659
967
822
48
50
623
53
796
120
312
369
673
181
59
161
360
902
287
97
185
912
39
577
671
71
765
984
199
126
140
617
835
420
660
632
412
210
815
247
995
445
898
794
593
462
781
132
155
231
998
667
348
639
276
320
515
942
823
239
613
598
654
857
397
518
994
948
432
162
672
911
355
334
156
845
495
414
60
153
859
535
785
345
968
493
891
657
831
730
636
400
683
546
358
747
817
705
318
438
570
489
720
886
269
270
585
513
475
684
302
307
760
182
649
990
225
477
759
753
152
167
34
72
143
509
301
645
999
517
666
974
339
248
858
491
19
324
240
633
896
317
774
537
525
332
611
56
333
735
9
130
409
816
955
343
183
826
675
714
710
944
13
652
970
165
972
583
766
427
941
529
641
107
379
522
38
323
904
863
123
146
797
186
516
814
14
687
624
551
744
26
966
889
372
959
528
607
87
335
629
49
677
479
217
960
25
119
631
648
117
622
573
292
506
277
740
375
196
928
222
821
278
150
695
93
212
701
899
102
712
892
368
265
356
819
215
608
27
594
238
563
160
337
646
148
997
286
124
869
837
51
763
567
738
965
875
166
754
825
689
208
586
246
810
949
213
717
329
291
474
873
108
540
211
377
919
866
109
731
15
916
104
280
778
359
467
973
142
115
726
545
498
987
661
308
350
133
587
917
841
846
190
29
933
36
655
338
30
154
768
415
777
775
101
37
634
16
327
393
364
643
390
699
952
54
147
829
378
383
905
492
396
466
713
434
909
554
752
579
840
341
762
843
391
910
251
571
91
728
670
346
306
1
664
581
262
868
275
272
779
322
725
923
242
813
347
925
202
549
572
761
539
838
951
214
578
164
969
43
204
279
226
885
989
429
834
