866
998
406
943
498
16
481
759
968
731
865
786
71
642
216
775
160
819
837
671
27
515
401
51
97
393
940
939
733
14
607
535
402
100
858
622
672
514
670
818
368
694
892
767
321
52
123
810
114
226
914
26
103
491
109
523
660
623
912
463
369
825
164
319
224
820
718
344
886
840
443
860
896
688
328
471
949
102
19
287
47
249
391
824
475
785
291
987
617
782
257
473
869
525
405
538
773
398
357
728
953
262
285
238
148
549
800
309
246
395
868
361
104
314
347
952
706
197
229
248
770
438
898
947
845
48
942
157
217
977
727
974
472
779
399
279
223
173
126
32
746
272
12
318
540
403
814
610
55
995
288
830
166
196
241
135
247
359
960
483
795
701
307
509
39
822
330
576
944
415
649
631
836
941
477
88
579
23
573
871
276
951
53
996
323
794
435
176
624
575
353
147
741
846
725
119
933
925
972
664
36
864
116
847
117
101
654
913
165
582
823
699
726
158
250
797
516
225
976
95
566
462
932
655
839
128
311
957
86
687
784
648
553
286
760
661
919
338
550
313
1
372
162
362
632
207
753
529
602
667
112
774
501
408
30
754
634
293
796
657
335
105
434
421
909
783
140
522
513
269
946
757
604
890
862
650
668
889
350
686
563
355
570
364
613
572
175
13
920
124
635
885
829
734
416
43
683
640
58
130
329
275
392
308
923
521
317
961
2
901
480
10
490
33
152
488
962
388
528
384
439
765
677
712
25
125
999
586
220
663
580
92
394
320
108
921
199
875
867
673
18
656
740
645
708
28
593
29
400
904
827
72
37
181
710
387
341
267
763
651
669
397
444
894
747
161
835
242
306
595
118
658
383
778
900
142
567
333
762
468
496
24
81
636
208
984
389
991
339
141
653
732
177
360
136
94
356
407
251
178
163
417
713
611
190
326
811
533
518
213
493
268
189
910
460
292
729
258
761
577
780
552
230
132
545
280
240
547
719
730
705
945
585
831
639
375
381
414
755
90
826
997
354
310
35
517
684
539
412
899
278
433
675
821
331
922
834
717
277
924
134
202
390
218
571
714
685
113
159
215
817
816
420
887
873
735
302
905
958
167
902
283
478
133
34
929
546
988
716
638
482
859
427
963
70
777
956
680
874
479
