478
617
605
21
890
146
796
33
579
819
37
384
13
527
686
834
570
466
16
966
247
101
207
768
387
400
552
655
658
887
112
921
460
790
760
130
238
611
688
741
345
479
9
402
540
595
70
490
846
721
881
12
582
840
839
920
672
825
685
434
800
41
515
363
567
828
1
593
963
176
827
829
339
648
889
528
729
220
998
990
634
30
414
354
987
766
969
250
959
59
598
961
706
941
785
336
663
728
160
178
962
873
858
202
311
968
973
666
226
231
332
732
909
580
911
429
644
486
416
29
156
945
407
978
680
2
652
19
553
49
759
988
842
270
32
310
124
488
411
535
357
549
111
34
22
712
783
432
667
265
919
695
215
905
814
164
765
786
602
821
517
577
913
366
333
917
186
328
831
14
417
974
189
438
865
306
473
946
273
676
165
35
405
48
203
999
493
815
313
444
275
661
833
117
128
955
283
292
585
317
752
10
726
813
939
197
924
219
546
547
689
212
116
734
571
408
341
551
727
97
87
316
113
778
95
637
869
15
775
406
817
396
521
824
558
55
90
989
738
491
433
810
733
972
368
943
782
350
397
251
731
657
583
991
758
916
669
717
126
443
645
307
31
248
327
677
334
763
767
475
166
929
105
338
670
496
868
320
367
150
874
753
629
142
951
337
383
224
696
650
716
321
514
196
923
994
861
956
940
673
516
102
780
107
51
241
123
109
942
489
529
153
143
770
125
412
266
88
597
135
276
50
409
953
930
573
272
773
157
631
279
348
662
369
214
210
668
944
246
159
474
360
392
975
664
671
326
230
847
239
513
258
835
948
563
744
148
390
984
20
952
622
867
656
119
799
472
572
308
60
566
269
826
660
229
908
86
346
335
864
274
636
976
147
735
175
329
883
604
845
351
781
395
892
965
173
190
221
971
659
537
586
462
155
319
608
710
638
996
575
932
331
218
933
118
208
904
801
928
217
132
501
640
550
91
797
836
467
204
823
271
330
607
762
285
818
498
56
410
705
898
820
53
161
439
694
594
610
288
391
708
52
377
249
967
841
54
642
871
133
578
440
262
830
730
779
322
301
225
81
713
141
701
875
312
495
213
740
646
445
163
931
108
977
344
483
115
863
463
509
356
866
714
375
678
894
401
857
590
25
